66360.0	19.33019	10.973587	9.103387281706205
66361.0	19.285896	11.369548	9.59206554942051
66362.0	19.393112	9.727976	7.586715918777259
66363.0	19.394314	9.859806	7.745261720318865
66364.0	19.43432	11.0888195	9.219910142234198
66365.0	19.582335	11.103072	9.204746031196464
66366.0	19.62658	10.408135	8.355979030260187
66367.0	19.69478	10.866563	8.894432318130953
66368.0	19.713202	11.258236	9.363673033797284
66369.0	19.679407	11.8504505	10.087714653132991
66370.0	19.509327	11.264531	9.41595861114962
66371.0	19.620924	10.562311	8.543220404010867
66372.0	19.574432	10.726214	8.75119032426835
66373.0	19.510176	11.878038	10.15845859369881
66374.0	19.756086	10.191918	8.06721244943617
66375.0	19.48306	10.909971	8.993081826996786
66376.0	19.54399	11.320731	9.476333462883417
66377.0	19.551888	10.972584	9.05370139843734
66378.0	19.534204	10.168594	8.087149927972177
66379.0	19.64603	10.525453	8.493286158901128
66380.0	19.666832	10.246282	8.152071308513428
66381.0	19.703575	11.8001375	10.021458951249087
66382.0	19.807413	9.959653	7.7763069531292786
66383.0	19.8834	9.654126	7.39219444298169
66384.0	19.789442	11.242431	9.327875512341677
66385.0	19.88874	11.102728	9.137348385255564
66386.0	19.796295	10.152252	8.010711917712115
66387.0	19.866098	10.748827	8.714970869445551
66388.0	19.742174	10.729286	8.718361224829607
66389.0	19.798773	10.209902	8.079645808826172
66390.0	19.809025	10.466309	8.386538573367488
66391.0	19.813162	11.416831	9.533534068447295
66392.0	19.770538	10.898791	8.916829207716773
66393.0	19.736753	11.001776	9.048588739812203
66394.0	19.84636	10.4728365	8.386307900843349
66395.0	19.62577	11.1650305	9.270136799283932
66396.0	19.562355	11.780878	10.029250857205966
66397.0	19.54726	10.530796	8.521209011527048
66398.0	19.62262	10.48491	8.449457201653729
66399.0	19.5913	10.398068	8.35149591982281
66400.0	19.651558	10.420519	8.365493650810663
66401.0	19.783537	10.09087	7.939515300212179
66402.0	19.704845	10.024594	7.876681368883055
66403.0	19.762989	9.91901	7.73695249021489
66404.0	19.891788	10.6124325	8.544813405156674
66405.0	20.024109	10.22948	8.054484280859583
66406.0	19.999273	9.766408	7.502348693726276
66407.0	20.003546	10.26755	8.104797427638687
66408.0	19.920454	10.667959	8.605569331055108
66409.0	19.902761	10.623656	8.555968236328908
66410.0	19.906567	11.403661	9.497136875145884
66411.0	20.017117	10.115629	7.91886336574845
66412.0	19.950254	10.614784	8.534948118868613
66413.0	19.838808	11.469214	9.591260366069037
66414.0	19.71282	11.339085	9.461513418709615
66415.0	19.663507	9.766275	7.574510246582236
66416.0	19.779806	10.373753	8.28126706273531
66417.0	19.639702	10.287771	8.207973762653523
66418.0	19.657526	11.274239	9.395217526262513
66419.0	19.56485	10.771578	8.808057751214847
66420.0	19.508945	9.3360815	7.090101155786726
66421.0	19.578543	9.460087	7.224313124728951
66422.0	19.52064	10.134962	8.049543091439602
66423.0	19.55487	10.340717	8.290227181769069
66424.0	19.46802	10.286908	8.244174066497692
66425.0	19.417122	10.744992	8.808166000453184
66426.0	19.375305	9.245796	7.010206934917164
66427.0	19.356535	9.733412	7.601157913670363
66428.0	19.3631	10.510865	8.537220911757856
66429.0	19.272919	10.605638	8.671298978905497
66430.0	19.263794	10.892513	9.019905748184556
66431.0	19.056217	10.326112	8.380967578309992
66432.0	19.010494	9.57193	7.481335522278243
66433.0	19.244701	10.7728195	8.879420583995625
66434.0	19.355268	10.564981	8.604260011265012
66435.0	18.994186	9.10643	6.92440890470732
66436.0	18.863455	9.986155	8.012564603331384
66437.0	18.699888	10.7521925	8.973635605781283
66438.0	18.819035	10.309013	8.41195620734527
66439.0	18.78429	10.598093	8.768831815648127
66440.0	18.790195	9.901394	7.926198696544702
66441.0	18.81875	9.8312645	7.835414606921518
66442.0	18.688366	10.958939	9.22631659189625
66443.0	18.594248	11.41885	9.804100963505675
66444.0	18.655151	9.997292	8.071238575926486
66445.0	18.50758	10.182201	8.326633545848836
66446.0	18.396683	10.255885	8.43984570751445
66447.0	18.362282	10.525055	8.77280720272006
66448.0	18.348797	10.722245	9.01434963655953
66449.0	18.27352	10.054665	8.223555895566278
66450.0	18.238503	10.548311	8.828044526535109
66451.0	18.207695	10.73318	9.058549419467681
66452.0	18.250423	9.966318	8.1218619793392
66453.0	18.242292	10.798205	9.12968093297286
66454.0	18.130615	10.36383	8.62848622818808
66455.0	17.986523	9.307947	7.38446886848709
66456.0	17.921846	9.330095	7.42519035859857
66457.0	17.809147	10.312888	8.637219671133664
66458.0	17.718794	9.140128	7.239985277645587
66459.0	17.809423	8.362159	6.2831843453817555
66460.0	17.835566	9.802198	8.013922477822007
66461.0	17.85696	8.2799015	6.174029074476493
66462.0	17.85806	8.095071	5.951516202241351
66463.0	18.000776	9.163185	7.206813704580384
66464.0	18.034946	9.09873	7.121731596513769
66465.0	17.918251	9.645801	7.807020938569281
66466.0	17.870266	10.6947975	9.086197294547901
66467.0	17.862812	9.062478	7.115206967363349
66468.0	17.67429	9.201848	7.324078046197542
66469.0	17.503445	9.115991	7.257483782010354
66470.0	17.468863	9.845446	8.146161030572387
66471.0	17.55291	10.654786	9.107530930960365
66472.0	17.583271	9.732752	7.984964412933778
66473.0	17.53845	8.711773	6.762471215755454
66474.0	17.567835	9.648139	7.886072740125314
66475.0	17.469025	9.895862	8.207097436758772
66476.0	17.61466	9.231452	7.37271900809634
66477.0	17.607334	9.667522	7.900893597494701
66478.0	17.601238	10.19631	8.541673163266466
66479.0	17.62609	9.581999	7.793485774378837
66480.0	17.799772	9.633275	7.817649076400585
66481.0	17.675426	9.55578	7.751087485989046
66482.0	17.630444	10.2120285	8.554299916250613
66483.0	17.440216	9.636856	7.900233225859552
66484.0	17.460253	9.232673	7.407669138743131
66485.0	17.44947	10.198411	8.57746545005034
66486.0	17.401556	9.459595	7.694454477867907
66487.0	17.297567	8.7404785	6.849050204761284
66488.0	17.463747	9.450353	7.669766772670982
66489.0	17.519527	10.777192	9.263264305070834
66490.0	17.504017	9.497332	7.717758914368062
66491.0	17.623802	8.97904	7.06624489459989
66492.0	17.667385	9.906018	8.176069909586147
66493.0	17.66708	9.280783	7.420891031023984
66494.0	17.71103	10.190335	8.510407789021372
66495.0	17.637783	8.976973	7.0607309705224
66496.0	17.589918	9.4191675	7.6046878238943805
66497.0	17.544436	10.619454	9.06657767321741
66498.0	17.597107	9.412019	7.5944948697494965
66499.0	17.698317	8.877797	6.928091333765735
66500.0	17.858944	9.74707	7.9422298461156515
66501.0	17.81269	9.69844	7.893549982934871
66502.0	17.614872	9.163989	7.291267039688478
66503.0	17.470106	9.162427	7.320744243556305
66504.0	17.600851	9.262477	7.413155227603397
66505.0	17.522036	10.558802	8.99801038776252
66506.0	17.469168	10.740133	9.229433507039346
66507.0	17.629864	8.890171	6.95778333630949
66508.0	17.67141	9.678281	7.899943099683696
66509.0	17.581219	9.934293	8.22907070212591
66510.0	17.681112	9.729825	7.960111354835021
66511.0	17.69629	10.235064	8.567757645782649
66512.0	17.571667	9.455201	7.652166367142286
66513.0	17.584711	9.280809	7.438781402900759
66514.0	17.74801	9.458273	7.617576218082149
66515.0	17.682589	9.807906	8.054151833059223
66516.0	17.500315	9.511586	7.735783040604133
66517.0	17.411526	8.991561	7.12725293299826
66518.0	17.416515	9.066212	7.216243459883401
66519.0	17.279985	9.294891	7.521927757170147
66520.0	17.12957	11.04805	9.678102116754758
66521.0	17.202051	9.649543	7.967495483487255
66522.0	17.181011	8.824717	6.975838925061225
66523.0	17.126541	9.517304	7.824074019330794
66524.0	16.88685	9.308728	7.6241533296636135
66525.0	16.71984	9.769182	8.21766912582234
66526.0	16.777536	10.466016	9.049506239081325
66527.0	16.69627	9.674744	8.108499009656612
66528.0	16.516998	9.427566	7.848542453407163
66529.0	16.544538	10.53857	9.189002412901345
66530.0	16.600012	9.215312	7.573693840011003
66531.0	16.624329	9.51131	7.926427484702742
66532.0	16.495811	10.140997	8.717391332168177
66533.0	16.480938	9.152336	7.523488527505094
66534.0	16.568892	8.50339	6.720519245534774
66535.0	16.471977	9.166878	7.543025171450836
66536.0	16.43192	9.481997	7.933013155814592
66537.0	16.443624	9.795713	8.310353561689851
66538.0	16.403051	9.345821	7.774517162994357
66539.0	16.359318	9.2332	7.647805512382945
66540.0	16.134584	10.508372	9.243037442242724
66541.0	15.9973135	10.187981	8.884324400137075
66542.0	15.825939	8.475074	6.847277738733283
66543.0	15.850517	7.3487372	5.483247350449915
66544.0	15.809744	7.8960075	6.1516579277541155
66545.0	15.681456	8.153506	6.490162101811791
66546.0	15.75184	8.805205	7.262517397804572
66547.0	16.028646	8.812037	7.210506937005789
66548.0	16.006306	8.839385	7.24843554296865
66549.0	15.86058	8.287223	6.612852132601802
66550.0	15.937061	8.491297	6.842766278777617
66551.0	15.983028	8.985241	7.42991471936125
66552.0	16.020061	9.486889	8.029108070112102
66553.0	16.006014	8.846379	7.25695621061999
66554.0	15.980053	8.253544	6.546328877921269
66555.0	15.798232	8.669293	7.088050097877613
66556.0	15.7347355	9.215203	7.762514686548627
66557.0	15.72737	7.9781604	6.268561698137262
66558.0	15.828708	8.611121	7.011097339428829
66559.0	15.926365	8.645606	7.031556463987158
66560.0	15.946764	8.716713	7.1130752893620866
66561.0	15.963859	9.031152	7.4896412735066065
66562.0	15.94239	7.9566436	6.196191120059211
66563.0	15.845656	8.5129795	6.888801576543472
66564.0	15.791131	9.543295	8.147685382637292
66565.0	15.863246	7.7115483	5.917681878941721
66566.0	15.8602085	8.377073	6.7214483367503135
66567.0	15.835096	9.162174	7.67634518385114
66568.0	15.90666	9.044854	7.518703832143501
66569.0	16.033825	8.409347	6.722804056423513
66570.0	16.12831	8.338275	6.6165374455533765
66571.0	16.126562	8.373112	6.658971003329384
66572.0	16.165316	9.171143	7.615062483275153
66573.0	16.090866	8.515602	6.838768604112204
66574.0	15.869403	8.311408	6.640147469541034
66575.0	15.924268	8.560064	6.928631004295312
66576.0	16.037333	9.406222	7.927614853172884
66577.0	16.151945	10.200676	8.865591902511142
66578.0	16.10253	8.612915	6.953792838009917
66579.0	15.996856	8.8667145	7.283540904903248
66580.0	15.971884	8.839419	7.255970308638894
66581.0	16.085983	9.340736	7.837667803474574
66582.0	15.898051	8.95901	7.416711174132502
66583.0	16.077911	7.578997	5.711807589376917
66584.0	16.09007	8.022159	6.243362769780219
66585.0	16.126785	8.368799	6.653715838333028
66586.0	16.091484	9.730321	8.308420464314224
66587.0	16.041933	9.185696	7.659615752546642
66588.0	16.058453	7.595644	5.736038866311333
66589.0	16.159986	6.904451	4.882550952251336
66590.0	16.13533	7.458436	5.554297136706396
66591.0	16.057367	7.5893807	5.728726650401995
66592.0	15.900789	7.8047776	6.022004123132888
66593.0	16.025368	8.728937	7.1107610554462894
66594.0	15.890418	7.3673677	5.497130326085426
66595.0	15.662748	7.00021	5.103839670214654
66596.0	15.783892	8.340398	6.693690726353168
66597.0	15.728906	8.19684	6.532218509141103
66598.0	15.665001	8.045375	6.363168316313363
66599.0	15.649059	7.687597	5.934918201639107
66600.0	15.652784	7.295724	5.461795749675957
66601.0	15.662099	8.0188	6.331715638477078
66602.0	15.668395	9.129465	7.673196668785295
66603.0	15.530646	8.725665	7.214497559425126
66604.0	15.460631	10.110264	8.908600689250534
66605.0	15.251218	10.167959	9.02510833169481
66606.0	14.997002	8.547498	7.115253230817359
66607.0	14.831754	9.027117	7.7325082607986815
66608.0	14.81843	8.883971	7.561884391095475
66609.0	14.825025	9.69219	8.541255734224478
66610.0	14.991938	8.57823	7.15356205018503
66611.0	15.095406	7.0554786	5.2919155237103155
66612.0	14.987286	7.5159316	5.870483252649251
66613.0	14.901496	8.654696	7.26590676371643
66614.0	15.118539	8.497212	7.027891026902296
66615.0	15.118779	6.7056103	4.865519563053397
66616.0	14.947095	7.2490406	5.557138816714826
66617.0	14.832855	7.6766257	6.097868266236503
66618.0	14.877948	8.166737	6.680464656266224
66619.0	14.790988	8.625115	7.254232720068444
66620.0	14.880491	7.2490797	5.571521646998804
66621.0	15.030032	7.5883293	5.94864130058545
66622.0	14.935964	8.600011	7.1921536417819425
66623.0	14.88895	9.000721	7.687951764580816
66624.0	14.781876	7.8013754	6.259619040211078
66625.0	14.572548	7.9071364	6.43287628909917
66626.0	14.54106	8.080973	6.649996581127141
66627.0	14.568939	8.863081	7.591273815808677
66628.0	14.63425	7.9297233	6.446789551428651
66629.0	14.665929	7.407436	5.808877352515026
66630.0	14.581088	8.104173	6.669356253598835
66631.0	14.566697	8.134543	6.709236899114899
66632.0	14.56414	8.29914	6.909018489212997
66633.0	14.524822	7.9982347	6.553429764677787
66634.0	14.549548	7.427458	5.858190078945654
66635.0	14.5105505	8.148053	6.737813217916255
66636.0	14.313476	7.9745865	6.570794615696457
66637.0	14.34262	8.4951	7.194776217108483
66638.0	14.112827	8.783366	7.594743579660189
66639.0	14.036421	9.188163	8.103106574561366
66640.0	14.121927	7.7181897	6.302235583697438
66641.0	14.248507	6.2166486	4.462787764095879
66642.0	14.238519	6.8869557	5.272841607417888
66643.0	14.286988	7.1831713	5.619908911676475
66644.0	14.298859	6.9753885	5.366552613204021
66645.0	14.222154	6.4190664	4.712233613210287
66646.0	14.234604	6.2830825	4.545760934474401
66647.0	14.227781	7.4923577	6.0062093955860405
66648.0	14.075622	7.227101	5.718616485732923
66649.0	14.104101	6.10225	4.355882344081465
66650.0	14.2190895	6.8212914	5.1978051906924065
66651.0	14.232546	6.7903147	5.157547402164539
66652.0	13.961473	7.1239824	5.618718390161348
66653.0	13.856454	8.190556	6.932047957480563
66654.0	13.852154	6.697262	5.127098207284121
66655.0	13.749501	7.0267015	5.547000609346185
66656.0	13.649836	7.745076	6.437489686074116
66657.0	13.549928	7.8943458	6.640084917923787
66658.0	13.6835785	6.826379	5.319276559956904
66659.0	13.6201725	6.577097	5.032004877005818
66660.0	13.7426815	6.2787614	4.645853712452094
66661.0	13.701057	5.6238112	3.8659198537501425
66662.0	13.773457	6.437385	4.830511128041167
66663.0	14.0046015	6.4621468	4.810772147215857
66664.0	13.712423	7.437506	6.051640365120647
66665.0	13.909207	7.7789884	6.422061395701917
66666.0	13.964416	6.5578885	4.934835731074827
66667.0	13.893789	6.1728764	4.485891597020839
66668.0	13.413809	7.4756627	6.1627029607226405
66669.0	13.458704	7.946856	6.723648468485919
66670.0	13.712765	6.4785676	4.893216363856823
66671.0	13.823715	7.0618753	5.573457557716154
66672.0	14.003209	6.868704	5.301478015447742
66673.0	14.122154	5.9353266	4.151100724262392
66674.0	14.07404	6.2558312	4.547271247973413
66675.0	14.154576	6.37202	4.670016756840596
66676.0	14.038556	7.137259	5.618102937074013
66677.0	13.981511	8.142815	6.846866403273907
66678.0	14.045011	8.196264	6.897748576818572
66679.0	14.018808	6.7972493	5.211886845676588
66680.0	13.9046	7.0724263	5.568728726863753
66681.0	13.806277	7.247932	5.8020605833855825
66682.0	13.891492	8.129354	6.85022364968728
66683.0	13.972776	7.100037	5.587353188435884
66684.0	13.950492	6.3241467	4.6560308372895065
66685.0	13.813398	7.5665584	6.1858314104051715
66686.0	14.1049795	8.24897	6.948501152200947
66687.0	14.168458	7.0522313	5.487395078233874
66688.0	14.212373	7.135221	5.578115873277397
66689.0	13.999521	6.895409	5.334505695584085
66690.0	13.995515	7.812131	6.443390488816419
66691.0	13.904313	7.3277745	5.877340908378187
66692.0	14.102128	7.0697536	5.522857895284801
66693.0	13.940759	5.848017	4.084681468242707
66694.0	14.087124	5.9034376	4.120189668549756
66695.0	14.039846	6.3555055	4.674683686990193
66696.0	13.928608	6.934352	5.396804355550955
66697.0	14.256487	8.064318	6.691811402179496
66698.0	13.955729	6.549403	4.926467930895399
66699.0	14.070794	6.2098646	4.492595349996236
66700.0	14.275324	5.50294	3.5986094137852547
66701.0	14.184248	5.38692	3.4785089520078145
66702.0	14.092901	6.2349796	4.518119933704384
66703.0	13.96883	7.194054	5.701779243568467
66704.0	13.849854	7.8371196	6.505356929209995
66705.0	14.127812	6.6168685	4.970876248885759
66706.0	14.1235075	5.836063	4.031374010404193
66707.0	14.176143	5.8107443	3.989715169416911
66708.0	14.122221	5.925844	4.139675060304398
66709.0	14.020082	6.5580025	4.923021834369081
66710.0	14.032709	6.24929	4.548232524412811
66711.0	14.217697	6.730672	5.088805831694344
66712.0	14.482627	6.132619	4.311687144879102
66713.0	14.5081835	4.252367	2.0500197019664483
66714.0	14.530741	5.108995	3.0716680323329797
66715.0	14.444717	5.505426	3.565713439991214
66716.0	14.377287	5.569325	3.6567647236937546
66717.0	14.551788	6.716903	5.000501119822843
66718.0	14.216171	7.207433	5.6644936765379725
66719.0	14.03288	7.6137576	6.195256607779584
66720.0	14.149867	8.427133	7.154588220725714
66721.0	14.166589	6.960448	5.377010501074153
66722.0	14.426325	5.235614	3.2456292871698906
66723.0	14.527643	4.254115	2.048048708315548
66724.0	14.60849	4.949549	2.8640865167764105
66725.0	14.519758	5.5291257	3.578292255239262
66726.0	14.626828	5.9549003	4.067234330471251
66727.0	14.566174	5.21673	3.1934536292784514
66728.0	14.388614	4.4013343	2.2533432111149523
66729.0	14.2958555	4.8871937	2.855085606930288
66730.0	14.390187	6.029402	4.207193366819865
66731.0	14.314852	5.944255	4.120798905680317
66732.0	14.347446	5.7961164	3.935698256146395
66733.0	14.029252	5.200007	3.2867865860071674
66734.0	14.344606	5.7766185	3.9128577988785764
66735.0	14.308514	5.615581	3.726934944729919
66736.0	14.301931	5.103579	3.113414234112156
66737.0	14.271691	5.832544	3.9956106512654515
66738.0	14.245665	4.6552515	2.5875291096855335
66739.0	14.318934	2.9630525	0.54890069969656
66740.0	14.210628	3.4985523	1.2105578089049231
66741.0	14.257379	4.444044	2.331976881353455
66742.0	14.144384	4.75269	2.725643531652395
66743.0	14.066231	5.429934	3.5551990174589037
66744.0	13.963192	5.0099754	3.0725514753733023
66745.0	13.756736	4.188294	2.1304539731926297
66746.0	13.620044	4.558012	2.602452792778422
66747.0	13.541942	4.9053593	3.035915410846542
66748.0	13.523975	4.9503236	3.0937292972816977
66749.0	13.525675	4.9529123	3.096479750200956
66750.0	13.547209	4.266051	2.2675903588470874
66751.0	13.488369	4.74178	2.8507789292170855
66752.0	13.445713	5.6554437	3.9583950158960306
66753.0	13.4373255	4.5318165	2.6094940619662452
66754.0	13.395981	4.108042	2.109889003071771
66755.0	13.279273	4.6944547	2.838093211712305
66756.0	13.217239	5.2925735	3.570279201856181
66757.0	13.117655	4.4631824	2.5944765614081007
66758.0	13.043539	5.22948	3.531296772978635
66759.0	12.972563	4.99979	3.2700274205456594
66760.0	12.729271	5.9940734	4.519940322893206
66761.0	12.75448	5.577804	4.012470431319571
66762.0	12.619804	4.2085543	2.393696017171692
66763.0	12.675204	4.703448	2.976694795175206
66764.0	12.735509	5.217192	3.582074915417138
66765.0	12.641328	4.696629	2.975673972484742
66766.0	12.563338	3.3084898	1.3260042001221564
66767.0	12.407613	3.2474093	1.285352991471541
66768.0	12.245109	3.9925365	2.213253253542632
66769.0	12.404671	4.7142444	3.047055482994267
66770.0	12.369756	3.8419285	2.0061921800172513
66771.0	12.300128	2.3513293	0.2354130822424736
66772.0	12.563054	3.3237975	1.344401224442322
66773.0	12.266169	3.2588117	1.3285714473994972
66774.0	12.2809305	2.8918254	0.8859252834514564
66775.0	12.360339	1.6951624	-0.5604851879782018
66776.0	12.317516	0.81073725	-1.6054244677117708
66777.0	12.403651	1.528463	-0.7681623754351108
66778.0	12.275498	2.4354954	0.34112456939539015
66779.0	12.307725	2.6141078	0.5480342304065289
66780.0	12.363807	3.9762766	2.1687209412248194
66781.0	12.385272	3.30133	1.3546274884466243
66782.0	12.3991	1.7989371	-0.4446488633537342
66783.0	12.418423	2.2574823	0.09881324831462734
66784.0	12.481166	2.4909778	0.36485497542730627
66785.0	12.3784075	1.9286065	-0.2856500757011986
66786.0	12.260249	2.340202	0.23036603787585364
66787.0	12.343716	3.154538	1.1874369333017967
66788.0	12.231727	2.6029627	0.5504767323872102
66789.0	12.305693	1.7730304	-0.45635584621879843
66790.0	12.337071	1.1294082	-1.2300471591705673
66791.0	12.370689	1.0948781	-1.278028706656869
66792.0	12.280818	2.1982431	0.05647029990757346
66793.0	12.367101	2.3917203	0.2698292821465884
66794.0	12.316441	2.4500551	0.3500500026162854
66795.0	12.405178	3.1353095	1.1515803378008513
66796.0	12.242533	3.554133	1.6875994285327351
66797.0	12.070688	4.4238367	2.7685249053218968
66798.0	12.131519	5.4266763	3.9635755399879145
66799.0	12.262339	3.902015	2.1009225467852843
66800.0	12.116948	2.417054	0.35192940345496027
66801.0	12.32659	2.8790002	0.8610687470148832
66802.0	12.212338	2.5148284	0.4490811813710138
66803.0	12.334063	2.230121	0.08355466188129412
66804.0	12.268231	2.843868	0.8311608804376647
66805.0	12.193475	2.84401	0.8468905392372221
66806.0	12.197741	2.8425918	0.8443046506511109
66807.0	12.241356	2.3835943	0.28614720842097086
66808.0	12.259898	1.0685056	-1.2868279546662507
66809.0	12.1996975	0.74817085	-1.6559080777953454
66810.0	12.39046	2.0367818	-0.15899639681128974
66811.0	12.488056	0.61182755	-1.8766485093881329
66812.0	12.393289	-0.3943584	-3.052159799788001
66813.0	12.286022	0.7546234	-1.6657872541316578
66814.0	12.263948	0.71741474	-1.7055692172444878
66815.0	12.272214	1.515703	-0.7564295167466071
66816.0	12.260991	1.2012721	-1.1289048008249551
66817.0	12.054505	-0.029006338	-2.550420600914549
66818.0	11.951216	1.1828507	-1.0875003080194006
66819.0	12.027999	1.3546556	-0.898396994021823
66820.0	12.088511	1.5263994	-0.7059787220879343
66821.0	12.177074	2.073712	-0.07087457302770872
66822.0	12.053633	1.1913822	-1.0982890576156592
66823.0	12.003638	1.1490579	-1.138504216765682
66824.0	11.958514	2.2841725	0.22585943080252946
66825.0	11.99061	0.8068636	-1.5434736114052043
66826.0	11.978694	1.296018	-0.9582112535177885
66827.0	11.882158	1.6364232	-0.5322727598763777
66828.0	11.97396	1.9504709	-0.17616873790683485
66829.0	11.9294815	0.90466887	-1.4145323974746589
66830.0	11.915096	0.81184113	-1.5221543569535356
66831.0	11.916554	1.6240388	-0.5541324873680651
66832.0	11.901202	2.1947927	0.13085863129310837
66833.0	11.880089	1.578654	-0.600802201680267
66834.0	11.82542	0.5574441	-1.806754730178966
66835.0	11.769051	1.2790527	-0.9354665752255187
66836.0	11.729854	2.0372803	-0.02199112370135481
66837.0	11.66693	0.8064545	-1.4779418173539511
66838.0	11.619457	1.1349616	-1.076652741594728
66839.0	11.731312	1.0957332	-1.1463405668409905
66840.0	11.658187	1.0997019	-1.1266349256490003
66841.0	11.666813	1.3322263	-0.8510515212300334
66842.0	11.628859	1.0848769	-1.138305630046034
66843.0	11.259273	0.8538663	-1.3380971216563466
66844.0	11.337149	2.0013359	0.016331411540761565
66845.0	11.297103	1.9397833	-0.048998779701378226
66846.0	11.163739	1.4830512	-0.5674426914210358
66847.0	11.105246	1.7548734	-0.23043227118762388
66848.0	10.944144	1.400947	-0.6202582248163253
66849.0	11.269448	1.7463648	-0.2745656735702937
66850.0	11.253984	1.2800443	-0.8284968922284293
66851.0	10.967024	1.3194386	-0.7223690260790931
66852.0	11.139307	1.4024223	-0.6587351227030922
66853.0	11.127646	2.1541617	0.24269568275224174
66854.0	11.112041	1.2231721	-0.8672064601454395
66855.0	11.055388	-0.7117638	-3.1598494083384594
66856.0	11.1008215	0.34922904	-1.9071571233413351
66857.0	11.078503	0.558921	-1.6527595957806511
66858.0	11.133457	1.483169	-0.5610562576310372
66859.0	11.065351	0.81954616	-1.3393191284759496
66860.0	11.204064	-1.1000811	-3.6505666311983305
66861.0	11.215492	-0.12456907	-2.4943510372257833
66862.0	11.181667	0.0510498	-2.278581416679458
66863.0	11.2168045	0.8721901	-1.307550014844594
66864.0	11.090022	0.96043426	-1.1762968571268857
66865.0	11.219137	1.2086937	-0.9065139663612172
66866.0	11.415357	0.718811	-1.5310039273581424
66867.0	11.290423	0.7725736	-1.4413946694286324
66868.0	11.251295	1.296063	-0.8088180445844273
66869.0	11.286901	0.30416617	-1.9987011473325538
66870.0	11.310974	0.7881394	-1.4270407836656887
66871.0	11.187037	0.44317046	-1.8128274580432162
66872.0	11.167348	-0.54425204	-2.9834478497480177
66873.0	11.039177	0.16728657	-2.1112771367104415
66874.0	11.060864	0.7945052	-1.3682677195289443
66875.0	11.05921	0.7087083	-1.4702476903800061
66876.0	11.019034	1.6699849	-0.31411172791860054
66877.0	10.992134	0.5081069	-1.695685278283861
66878.0	10.889655	-0.67114425	-3.078197437471715
66879.0	10.924757	0.10763502	-2.159029571082897
66880.0	11.0313425	0.24852829	-2.0129426735895777
66881.0	11.222705	0.878503	-1.3012294515073677
66882.0	11.329248	2.056717	0.08422283094853356
66883.0	11.169213	2.557342	0.7169973707494819
66884.0	11.094742	1.8149189	-0.15644268980594234
66885.0	11.194906	1.2168711	-0.8917705183822591
66886.0	11.162399	0.8741047	-1.294123132546133
66887.0	10.8991785	1.0616807	-1.0162592872750338
66888.0	10.8418455	1.8925738	-0.01109952982511686
66889.0	10.844061	0.9061546	-1.1906019291271832
66890.0	10.981385	-0.098786205	-2.4162276276744024
66891.0	10.839101	0.29717028	-1.9158311905889605
66892.0	10.640526	0.43352786	-1.7127535025520046
66893.0	10.470729	1.4680445	-0.442205608346967
66894.0	10.45487	1.2292366	-0.7245343849285746
66895.0	10.4633255	-0.35321328	-2.6139044409973167
66896.0	10.507643	0.5962219	-1.4914823861199693
66897.0	10.464787	1.3778454	-0.5488737739963199
66898.0	10.424142	1.7416452	-0.10507830695058828
66899.0	10.539344	0.9983577	-1.0178675887143527
66900.0	10.40493	0.669273	-1.3832283427268521
66901.0	10.429661	0.8142165	-1.2152464704699923
66902.0	10.751546	0.74823964	-1.3600810622531299
66903.0	10.56575	0.084036246	-2.1140588116410868
66904.0	10.534183	0.92754436	-1.1013906055464417
66905.0	10.264711	1.7168882	-0.10160959192489827
66906.0	10.27213	0.7523723	-1.2567255144621754
66907.0	10.352357	-0.050636075	-2.2310433642581984
66908.0	10.021736	0.5728669	-1.419658143025913
66909.0	10.292921	0.60571605	-1.436115344637642
66910.0	10.277614	1.5484183	-0.30601152539924215
66911.0	10.280925	1.4981157	-0.3669096928834392
66912.0	10.163615	-0.3229607	-2.5170303720252605
66913.0	10.428518	0.59474176	-1.47702869845358
66914.0	10.488901	0.8880154	-1.1392894196034717
66915.0	10.019726	1.1743903	-0.700215262454094
66916.0	10.059119	0.564547	-1.437273005356019
66917.0	9.944087	-0.4955183	-2.677922861652405
66918.0	9.914679	-0.26570165	-2.3981701470993926
66919.0	9.81318	0.4591836	-1.512593342832588
66920.0	9.867037	0.32013434	-1.6896843144161267
66921.0	9.627227	0.60863185	-1.2957748498964747
66922.0	9.714078	-0.3386926	-2.444300538906873
66923.0	9.694608	-0.080321275	-2.132258268704561
66924.0	9.742743	0.3607064	-1.615741775104084
66925.0	9.835226	-0.9039714	-3.1420235199003628
66926.0	9.901404	-1.2072086	-3.515967305258471
66927.0	9.895776	0.22715382	-1.8065553618520767
66928.0	9.8696	0.37055448	-1.6300143696433906
66929.0	10.031283	-0.89730775	-3.1737408762011228
66930.0	9.909751	-0.60951	-2.8066806158957434
66931.0	9.862087	0.07535263	-1.9807891164774674
66932.0	9.950271	0.3864211	-1.6276185980908622
66933.0	9.860058	0.4537947	-1.5286573280835682
66934.0	9.860612	0.2843292	-1.7311093093845216
66935.0	9.750605	-0.3482021	-2.463074181591878
66936.0	9.784263	0.2811488	-1.7192543041377917
66937.0	9.858841	-0.432204	-2.5851889623738202
66938.0	9.861962	-0.868674	-3.1054388847128394
66939.0	9.65195	-0.63543105	-2.7852134438670646
66940.0	9.29444	0.09349266	-1.842868985572295
66941.0	9.425222	0.94819	-0.847906677312551
66942.0	9.5973015	0.16279362	-1.822224872345032
66943.0	9.622756	-0.36522526	-2.4573207306551694
66944.0	9.674561	0.76044667	-1.124030190353892
66945.0	9.565814	0.18343084	-1.7911296346691188
66946.0	9.579544	-1.5722289	-3.884909555710351
66947.0	9.597434	-0.4888024	-2.599446719553953
66948.0	9.670106	-0.19334424	-2.2620518924468342
66949.0	9.649212	-1.1317172	-3.3753278033445895
66950.0	9.505726	-1.6622162	-3.97696910874231
66951.0	9.369047	-1.7725513	-4.0805674771442
66952.0	9.480419	-1.557988	-3.848049997065573
66953.0	9.633794	-0.43827218	-2.5466312006681164
66954.0	9.553906	0.49200785	-1.4200710911745773
66955.0	9.549299	0.46593556	-1.450281130477208
66956.0	9.646206	0.15565896	-1.8407649668146178
66957.0	9.621038	0.55798733	-1.3550334752845288
66958.0	9.526115	0.3307481	-1.6070387837604585
66959.0	9.559058	0.121987686	-1.8631025949701439
66960.0	9.557072	-0.5467705	-2.6603088377129893
66961.0	9.406095	-0.26200253	-2.2900380545112284
66962.0	9.327939	0.77634627	-1.0334451495300527
66963.0	9.372323	-0.69190335	-2.795664660291834
66964.0	9.237783	-0.7145619	-2.795306391207305
66965.0	9.111386	0.13337916	-1.7576381251798239
66966.0	9.312457	0.44423264	-1.427472000897751
66967.0	9.284178	-1.0900872	-3.251969746986447
66968.0	9.176928	-0.6670249	-2.7262674835586154
66969.0	9.357137	-0.40294084	-2.448138088202711
66970.0	9.319724	-0.61300963	-2.6909515491803404
66971.0	9.427089	-0.71218467	-2.830957670813575
66972.0	9.490777	-1.5151076	-3.7991785532565245
66973.0	9.310149	-0.74619323	-2.8477097432270853
66974.0	9.33078	0.09392452	-1.849808037124717
66975.0	9.152689	-1.2730153	-3.4430716343413224
66976.0	9.150915	-0.8580298	-2.9485957708167234
66977.0	9.072642	-0.5246899	-2.535303012824045
66978.0	9.106468	-0.77116877	-2.8360575832662107
66979.0	9.129429	-1.0490582	-3.1717672006926136
66980.0	9.283031	-0.17244908	-2.1580338781410546
66981.0	9.186019	-0.334851	-2.3319899550085097
66982.0	9.220867	-1.431465	-3.645340487965541
66983.0	9.282926	-0.6529922	-2.7311150192069817
66984.0	9.279246	-0.47065747	-2.5130026095347375
66985.0	9.168224	-0.8238082	-2.911340127644678
66986.0	9.273976	-0.77028036	-2.869055985274372
66987.0	9.131347	-0.8553053	-2.9413740050169963
66988.0	9.115222	-0.059416782	-1.9887279121376196
66989.0	9.024167	-0.9795108	-3.0675776784785285
66990.0	9.208558	-1.5201463	-3.7483128199917246
66991.0	8.941782	-0.29378623	-2.233037155615534
66992.0	8.84521	-0.84799683	-2.8744761509179853
66993.0	8.852952	-2.0502045	-4.306742220463207
66994.0	8.594098	-1.2756947	-3.3331312768614225
66995.0	8.433896	-0.72213656	-2.6404856073760357
66996.0	8.366035	-0.5518529	-2.4233148823524857
66997.0	8.449597	-1.0579752	-3.0443049017017074
66998.0	8.376255	-1.5910006	-3.6645055459670175
66999.0	8.32789	-0.6089704	-2.4837149419706748
67000.0	8.443487	-0.54794437	-2.434501201258513
67001.0	7.9955673	-0.47088107	-2.2506148015535246
67002.0	8.049624	-1.8686216	-3.9289700806017436
67003.0	7.9316244	-0.95717263	-2.818433174328675
67004.0	7.7936535	-1.0981784	-2.958581721960684
67005.0	7.873205	-1.6299068	-3.608932951988834
67006.0	7.8164673	-1.2857894	-3.1871097721419233
67007.0	7.895354	-1.1697626	-3.064756531658304
67008.0	7.6691074	-0.5001256	-2.2185010347131993
67009.0	7.696197	-1.4672829	-3.379112402479109
67010.0	7.672563	-1.8974367	-3.8870151732472777
67011.0	7.797125	-1.0657765	-2.9206123120858365
67012.0	7.7197366	-0.61959034	-2.371750544388192
67013.0	7.546845	-1.8667119	-3.8249459839914834
67014.0	7.468439	-1.317025	-3.153444170384091
67015.0	7.592582	-0.9210627	-2.7059667152677775
67016.0	7.5877185	-1.143425	-2.9705479208693077
67017.0	7.608439	-0.86093193	-2.637370171228895
67018.0	7.591747	-1.1096246	-2.9310126990957315
67019.0	7.6347895	-1.2879502	-3.1526672417648456
67020.0	7.5319557	-1.028877	-2.822353529642214
67021.0	7.605523	-0.93744606	-2.728188824785093
67022.0	7.5946794	-2.1089547	-4.123163168723011
67023.0	7.6906877	-1.3923038	-3.288560826520211
67024.0	7.7412	-0.2750952	-1.9641382332429203
67025.0	7.727834	-1.4209635	-3.330305542118708
67026.0	7.783736	-1.6077257	-3.5643442015483515
67027.0	7.6777534	-1.7129129	-3.668207461721124
67028.0	7.6742086	-1.4698179	-3.3776631892880005
67029.0	7.6382203	-0.58030903	-2.3080423487703
67030.0	7.6471386	-1.3279073	-3.2028640644968505
67031.0	7.6375694	-2.060794	-4.074486795792836
67032.0	7.71153	-1.4540665	-3.3664691338120747
67033.0	7.767093	-0.8517584	-2.658901713121736
67034.0	7.7969136	-0.664193	-2.4409010147156778
67035.0	7.782239	-0.18972111	-1.8704306442748475
67036.0	7.843862	-1.6845907	-3.6681433094980775
67037.0	7.6972947	-1.1704696	-3.0252045184349754
67038.0	7.635277	-0.12547767	-1.7631976818490784
67039.0	7.7604413	-0.80662584	-2.6036224671967716
67040.0	7.797057	-1.8630427	-3.871247860152721
67041.0	7.8132434	-1.2280806	-3.1176031126701673
67042.0	7.7841578	-1.4378676	-3.3619223832591842
67043.0	7.72159	-1.9372983	-3.944414681117223
67044.0	7.5824075	-1.948784	-3.929929316014409
67045.0	7.5807657	-1.5143733	-3.411795718704809
67046.0	7.6298184	-0.53570247	-2.2529718025641046
67047.0	7.5598755	-0.5990183	-2.314315605408069
67048.0	7.7303762	-0.9792041	-2.8036081372050603
67049.0	7.3621836	-1.2088815	-3.002632531542247
67050.0	7.3555017	-0.6005942	-2.2741734627445567
67051.0	7.2622066	-1.0222263	-2.7591806153345146
67052.0	7.0114903	-2.188845	-4.100354927708906
67053.0	6.748109	-1.1367589	-2.7906898660197044
67054.0	7.0142097	-0.9486505	-2.620350410899391
67055.0	6.940307	-1.5907285	-3.372458437818409
67056.0	6.902102	-1.4325889	-3.1758058488059078
67057.0	6.907497	-1.8149949	-3.6334481466803936
67058.0	6.8050203	-1.586241	-3.33949665401866
67059.0	7.0572767	-1.5214792	-3.3136409087827587
67060.0	6.7596803	-1.7185044	-3.4881765496170942
67061.0	6.889866	-1.5687506	-3.335926506419298
67062.0	6.8682714	-2.4103646	-4.335309547369889
67063.0	6.769896	-1.6539397	-3.4131714382282325
67064.0	6.7930446	-1.1452279	-2.8100369827692475
67065.0	6.6895905	-2.5561814	-4.472894873883092
67066.0	6.5526376	-2.5552247	-4.444074334664606
67067.0	6.4393477	-1.1814204	-2.780714718776835
67068.0	6.2797585	-0.8470159	-2.3474960981696995
67069.0	6.265126	-2.1609552	-3.915609009450577
67070.0	6.234975	-2.3098485	-4.087148691009588
67071.0	6.1191626	-1.8746681	-3.543992662826099
67072.0	6.1229672	-1.9265729	-3.6067802599543484
67073.0	6.046165	-2.0461082	-3.7338956407783144
67074.0	5.9657884	-1.6883055	-3.289865579967568
67075.0	5.872218	-1.3779762	-2.8993732784519466
67076.0	5.7278705	-0.99673593	-2.4129246636676953
67077.0	5.6577253	-1.9364576	-3.5235194775919467
67078.0	5.703218	-2.3602264	-4.03914730078759
67079.0	5.663436	-1.6029294	-3.1257206941623394
67080.0	5.633818	-2.674893	-4.400630924494408
67081.0	5.5711913	-3.4235754	-5.280356292896215
67082.0	5.464034	-2.8824706	-4.613835786467519
67083.0	5.529072	-1.5977689	-3.0919394603275805
67084.0	5.64775	-1.8221396	-3.3847701582538434
67085.0	5.5553355	-3.0727534	-4.859207074338826
67086.0	5.560945	-3.3485553	-5.1889535122786015
67087.0	5.5081964	-2.4601605	-4.1187786745755375
67088.0	5.4975243	-1.5706025	-3.0529307012673144
67089.0	5.6740675	-2.8730626	-4.645159318821641
67090.0	5.4475174	-3.0922961	-4.86070588678615
67091.0	5.505642	-1.9441434	-3.5015815313989265
67092.0	5.3907633	-1.0554128	-2.4135622402699255
67093.0	5.51974	-2.7051973	-4.413635991227125
67094.0	5.4274063	-3.7693515	-5.663032697361643
67095.0	5.445744	-3.5783339	-5.439371578659973
67096.0	5.502529	-2.9836833	-4.742339085333583
67097.0	5.5504293	-1.5236789	-3.00762929838163
67098.0	5.528607	-1.8834662	-3.4337127622211483
67099.0	5.576163	-2.466341	-4.139991979786203
67100.0	5.439297	-1.4322747	-2.8752880918328856
67101.0	5.426726	-1.7071409	-3.2018335009529437
67102.0	5.3890424	-2.0871906	-3.6487809363603674
67103.0	5.5171256	-1.2147802	-2.6307415326346586
67104.0	5.496328	-1.2796773	-2.7042206296353015
67105.0	5.445549	-1.619305	-3.1005535949485648
67106.0	5.535868	-2.3863058	-4.03621124791573
67107.0	5.580374	-2.1410944	-3.752325481411958
67108.0	5.5856366	-1.5702387	-3.070608916985691
67109.0	5.5633655	-1.5609597	-3.0549230982214794
67110.0	5.4961205	-2.5971909	-4.279930154782505
67111.0	5.5446053	-2.0817435	-3.674078153302446
67112.0	5.492185	-1.2851552	-2.7099300111929097
67113.0	5.6349764	-2.3205276	-3.977839496635738
67114.0	5.744102	-1.8927402	-3.4889234543852012
67115.0	5.6350026	-2.0181088	-3.616488149548502
67116.0	5.6741905	-2.3093271	-3.972451856270993
67117.0	5.6061525	-2.7006748	-4.425777993980205
67118.0	5.591444	-2.575389	-4.273280349411152
67119.0	5.599701	-1.7974262	-3.3453622715131246
67120.0	5.6041627	-0.98597234	-2.374441402026264
67121.0	5.481268	-2.2923887	-3.912888450342564
67122.0	5.3598137	-2.483831	-4.116833119587966
67123.0	5.124282	-1.6816783	-3.109165684782795
67124.0	5.2160354	-1.5063766	-2.91805993121568
67125.0	5.174311	-2.5226898	-4.125457402696384
67126.0	5.241016	-2.2438114	-3.805775697642389
67127.0	5.3070793	-2.3712037	-3.971528990195452
67128.0	5.4532194	-1.5144783	-2.976612276269634
67129.0	5.440858	-2.0766697	-3.6467997749355163
67130.0	5.3372774	-2.8187737	-4.512133443985135
67131.0	5.431765	-1.7114358	-3.208009204344137
67132.0	5.4129696	-2.7245224	-4.415019698582341
67133.0	5.5151715	-2.8286436	-4.559993044876023
67134.0	5.4365478	-2.7827053	-4.489239045138561
67135.0	5.3997293	-1.7303754	-3.2240995179495258
67136.0	5.459745	-2.475858	-4.127660753354689
67137.0	5.4339314	-2.4701662	-4.115607172594991
67138.0	5.528125	-1.9626789	-3.5283510192752487
67139.0	5.4848056	-1.9570841	-3.5127917655946135
67140.0	5.403988	-1.7681385	-3.2701715737597397
67141.0	5.4992437	-2.5024447	-4.1674486553094425
67142.0	5.4683194	-3.0162044	-4.774193350393034
67143.0	5.5112987	-2.4003608	-4.047993110833374
67144.0	5.5529003	-3.0055063	-4.778550510248124
67145.0	5.5567045	-3.4598567	-5.320639902325411
67146.0	5.6216264	-2.7976527	-4.544605090407117
67147.0	5.546119	-2.2912502	-3.9247548197051856
67148.0	5.323241	-1.7268654	-3.204186002631104
67149.0	5.3729687	-2.3925228	-4.010439341729807
67150.0	5.472404	-1.8528155	-3.3855291487861905
67151.0	5.584474	-2.5577626	-4.2508243751073564
67152.0	5.433489	-1.7331367	-3.234336947905774
67153.0	5.487673	-2.2736685	-3.8918274587512087
67154.0	5.4655476	-3.8289464	-5.741585791790385
67155.0	5.4327135	-3.1413138	-4.916146014241463
67156.0	5.361432	-3.0349896	-4.77496059244163
67157.0	5.3908467	-2.372185	-3.9897863329761094
67158.0	5.1356387	-2.4409022	-4.019842563764541
67159.0	5.1824512	-3.105375	-4.822668985184578
67160.0	5.1351986	-3.0057235	-4.694218375680634
67161.0	4.9926376	-2.2405508	-3.7510798922281765
67162.0	4.9785986	-3.40556	-5.139387541063002
67163.0	4.9992642	-3.5602229	-5.327892753184528
67164.0	5.008172	-2.7158086	-4.3223143423617785
67165.0	4.9425693	-2.3645098	-3.889088351781311
67166.0	4.8638287	-3.10622	-4.7591097529905255
67167.0	4.763597	-4.638254	-6.563467663268511
67168.0	4.691216	-4.550096	-6.44423203531062
67169.0	4.647859	-3.9334643	-5.701764905499431
67170.0	4.406257	-2.9721885	-4.506059679605471
67171.0	4.2724056	-4.3044167	-6.0680653413540995
67172.0	4.1486597	-4.105411	-5.806142657568785
67173.0	4.0127425	-2.6788113	-4.074858153799369
67174.0	3.940192	-2.2753603	-3.576780758778682
67175.0	3.8865707	-2.4095197	-3.726509449315415
67176.0	3.7146642	-2.8989766	-4.277345232497964
67177.0	3.5990627	-3.1256454	-4.524928605468972
67178.0	3.489217	-2.9865837	-4.336070151806268
67179.0	3.519502	-2.9330082	-4.278136907953922
67180.0	3.2287884	-3.16777	-4.499665937558007
67181.0	3.1531138	-3.4568715	-4.830133041053614
67182.0	3.159047	-4.0369244	-5.52457121379291
67183.0	3.0688884	-3.1969082	-4.501834984176071
67184.0	2.9934418	-1.7516222	-2.752171451322681
67185.0	2.9428139	-2.3931892	-3.512437664896936
67186.0	2.8723543	-2.9126923	-4.121056059836349
67187.0	3.0003111	-2.4072893	-3.5412391919159063
67188.0	2.7512848	-1.9854926	-2.9830030618249452
67189.0	2.624187	-2.4615903	-3.5286841828385604
67190.0	2.3022654	-3.288532	-4.454464645928454
67191.0	2.222411	-2.8987963	-3.9705636925873478
67192.0	2.1924956	-2.72457	-3.7552167569438097
67193.0	2.1545403	-1.8498502	-2.6954995966625575
67194.0	1.9890444	-3.0958571	-4.158946348996324
67195.0	1.7598886	-3.0437715	-4.0491478549994895
67196.0	1.5984013	-2.2649238	-3.079198989094266
67197.0	1.5782708	-3.3054125	-4.325793673879389
67198.0	1.6039636	-3.5477717	-4.62187373809752
67199.0	1.6094254	-2.3803253	-3.22040293350517
67200.0	1.4148473	-2.0843108	-2.8233342139177466
